100 33
100 33
100 33
100 33
100 33
100 33
100 33
100 33
55 33 1 3F 2 FF 1 3F 41 33
20 33 1 3F 1 FF 1 3F 10 33 1 3F 5 33 1 3F 14 33 6 FF 40 33
21 33 1 F3 9 33 1 3F 3 FF 1 3F 1 FF 1 3F 3 FF 1 3F 13 33 1 F3 2 FF 1 F3 41 33
32 33 1 F3 1 FF 1 F3 1 33 1 F3 1 33 1 F3 1 FF 1 F3 35 33 1 3F 1 FF 1 3F 21 33
46 33 1 3F 1 FF 1 3F 28 33 1 F3 22 33
47 33 1 F3 52 33
100 33
22 33 1 30 7 3C 70 33
22 33 1 00 2 CC 1 CE 1 EE 1 CE 2 CC 70 33
22 33 1 00 3 CC 1 EC 3 CC 40 33 1 3F 1 FF 1 3F 27 33
8 33 1 30 1 08 1 30 11 33 1 00 11 33 1 30 1 08 1 30 34 33 1 F3 28 33
7 33 1 00 3 88 1 00 10 33 1 00 10 33 1 00 3 88 1 00 62 33
7 33 1 00 3 88 1 00 8 33 1 30 1 08 1 88 1 08 1 30 8 33 1 00 3 88 1 00 62 33
7 33 1 00 1 88 1 80 1 88 1 00 2 30 1 00 2 30 1 00 2 30 1 00 1 88 1 80 1 88 1 00 2 30 1 00 2 30 1 00 2 30 1 00 1 88 1 80 1 88 1 00 62 33
7 33 1 00 1 88 1 00 1 88 1 00 8 88 1 00 1 88 1 00 1 88 1 00 8 88 1 00 1 88 1 00 1 88 1 00 62 33
7 33 1 00 3 88 1 00 2 88 1 80 2 88 1 80 2 88 1 00 3 88 1 00 2 88 1 80 2 88 1 80 2 88 1 00 3 88 1 00 62 33
7 33 1 00 3 88 1 00 2 88 1 00 2 88 1 00 2 88 1 00 3 88 1 00 2 88 1 00 2 88 1 00 2 88 1 00 3 88 1 00 37 33 1 32 1 2A 1 32 22 33
7 33 1 00 3 88 1 00 1 88 1 08 1 00 2 08 1 00 1 08 1 88 1 00 3 88 1 00 1 88 1 08 1 00 2 08 1 00 1 08 1 88 1 00 3 88 1 00 35 33 1 32 1 2A 1 AA 1 AC 1 AA 1 2A 1 32 20 33
7 33 1 00 3 88 1 00 2 88 1 08 2 88 1 08 2 88 1 00 3 88 1 00 2 88 1 08 2 88 1 08 2 88 1 00 3 88 1 00 16 33 1 32 15 33 1 32 2 2A 1 AA 1 AC 5 AA 2 2A 1 32 17 33
7 33 1 00 1 88 1 00 1 88 1 00 8 88 1 00 1 88 1 00 1 88 1 00 2 88 1 80 2 0F 1 80 2 88 1 00 1 88 1 00 1 88 1 00 14 33 1 32 1 2A 1 AA 1 2A 1 32 11 33 1 32 1 2A 1 AA 1 CA 5 AA 1 AC 5 AA 1 2A 1 32 15 33
7 33 1 00 1 88 1 08 1 88 1 00 8 88 1 00 1 88 1 08 1 88 1 00 2 88 1 00 2 FF 1 00 2 88 1 00 1 88 1 08 1 88 1 00 11 33 2 32 1 2A 5 AA 1 2A 2 32 9 33 1 23 1 A2 2 AA 1 AC 6 AA 1 AC 1 AA 1 A2 1 23 11 33 2 35 3 55
7 33 1 00 3 88 1 00 8 88 1 00 3 88 1 00 2 88 1 00 2 FF 1 00 2 88 1 00 3 88 1 00 9 33 1 32 1 2A 11 AA 1 2A 1 32 6 33 1 32 1 2A 1 AC 5 AA 1 CA 6 AA 1 2A 1 32 8 33 1 35 2 55 1 59 3 99
7 33 1 00 3 88 1 00 8 88 1 00 3 88 1 00 2 88 1 00 2 FF 1 00 2 88 1 00 3 88 1 00 9 33 1 32 1 2A 3 AA 1 A2 3 AA 1 A2 3 AA 1 2A 1 32 7 33 1 23 1 A2 3 AA 1 22 3 AA 1 22 3 AA 1 A2 1 23 7 33 1 35 1 55 1 59 2 99 1 9A 1 AA 2 AE
7 33 1 00 3 88 1 00 8 88 1 00 3 88 1 00 2 88 1 00 2 FF 1 00 2 88 1 00 3 88 1 00 10 33 1 23 3 A2 1 23 1 A2 1 AA 1 A2 1 23 3 A2 1 23 10 33 3 23 1 33 1 23 1 A6 1 23 1 33 3 23 8 33 2 55 1 59 1 99 1 9A 1 AE 2 EC 2 C3
7 33 1 00 3 88 1 00 8 88 1 00 3 88 1 00 2 88 1 00 2 FF 1 00 2 88 1 00 3 88 1 00 16 33 1 66 20 33 1 36 1 66 1 36 11 33 2 55 2 99 1 AA 1 AE 1 EC 1 C3 3 33
7 30 1 00 3 80 1 00 8 80 1 00 3 80 1 00 2 80 1 00 2 F0 1 00 2 80 1 00 3 80 1 00 15 30 3 60 18 30 5 60 10 30 2 50 2 90 1 A0 1 E0 1 C0 4 30
100 77
100 77