41 00 59 88
38 00 62 88
34 00 66 88
30 00 2 08 68 88
27 00 2 08 71 88
25 00 1 08 63 88 6 87 5 77
22 00 1 08 27 88 1 8E 1 E8 1 8E 25 88 6 87 16 77
20 00 1 08 28 88 1 8E 1 E8 1 8F 1 E8 1 8E 16 88 3 87 27 77
17 00 1 08 31 88 1 EE 1 88 1 FF 1 88 1 EE 9 88 3 87 34 77
15 00 1 08 32 88 1 8E 1 E8 1 8F 1 FF 1 8F 1 E8 1 8E 3 88 2 87 40 77
13 00 1 08 34 88 1 EE 1 88 3 FF 1 88 1 EE 1 87 44 77
11 00 1 08 23 88 1 EE 3 E8 4 8E 4 88 1 8E 1 E8 1 8F 3 FF 1 8F 1 E8 1 7E 4 77 4 7E 3 E8 1 EE 32 77
9 00 1 08 25 88 1 EE 1 88 2 FF 4 8F 4 E8 1 EE 1 88 5 FF 1 88 1 EE 4 E8 4 8F 2 FF 1 88 1 EE 32 77
8 00 28 88 1 EE 1 88 9 FF 1 88 1 8F 5 FF 1 8F 1 88 9 FF 1 88 1 EE 33 77
6 00 1 08 29 88 1 EE 1 88 9 FF 1 88 7 FF 1 88 9 FF 1 88 1 EE 33 77
5 00 32 88 1 EE 1 88 7 FF 1 F8 1 8F 1 FF 5 F7 1 FF 1 8F 1 F8 7 FF 1 88 1 EE 34 77
3 00 1 08 32 88 1 87 1 EE 1 88 5 FF 2 F8 1 88 2 78 5 88 2 78 1 88 2 F8 5 FF 1 88 1 EE 34 77
2 00 1 08 29 88 3 8E 1 7E 3 E8 1 88 4 8F 1 FF 1 77 2 88 2 8F 3 FF 2 8F 2 88 1 77 1 FF 4 8F 1 88 3 E8 4 7E 29 77
1 00 1 08 24 88 2 8E  4 E8 4 8F 8 FF 1 77 2 88 1 8F 7 FF 1 8F 2 88 1 77 8 FF 4 8F 4 E8 2 7E 16 77 7 7F
1 08 24 88 1 E8 2 8E 4 F8 12 FF 1 77 2 88 9 FF 2 88 1 77 12 FF 4 F8 2 8E 1 E7 7 77 3 7F 12 FF
28 88 4 E7 4 8E 4 F8 4 FF 1 7F 1 87 2 88 7 FF 2 88 1 87 1 7F 4 FF 4 F8 4 8E 4 E7 4 77 3 7F 18 FF
26 88 1 87 9 77 1 E7 1 EE 1 E8 5 8F 1 F8 1 78 4 88 3 F8 4 88 1 78 1 F8 5 8F 1 E8 1 EE 1 E7 7 77 3 7F 23 FF
24 88 1 87 12 77 1 EE 1 88 7 FF 1 88 2 7F 5 87 2 7F 1 88 7 FF 1 88 1 EE 4 77 2 7F 28 FF
23 88 13 77 1 7E 1 E8 1 8F 8 FF 1 88 7 FF 1 88 8 FF 1 8F 1 E8 1 7E 1 7F 32 FF
21 88 1 77 14 77 1 EE 1 88 9 FF 1 88 7 FF 1 88 9 FF 1 88 1 EE 33 FF
19 88 1 87 15 77 1 7E 1 E8 1 8F 5 FF 4 F8 1 8E 1 88 5 FF 1 88 1 8E 4 F8 5 FF 1 8F 1 E8 1 FE 32 FF
18 88 17 77 1 EE 1 88 2 F8 4 8E 4 E7 1 EE 1 88 5 FF 1 88 1 EE 1 E7 3 EF 4 8E 2 F8 1 88 1 EE 32 FF
16 88 1 87 18 77 4 E7 9 77 1 EE 1 88 3 FF 1 88 1 EE 1 7F 8 FF 4 EF 32 FF
15 88 33 77 1 EE 1 88 3 FF 1 88 1 EE 45 FF
13 88 1 87 35 77 1 EE 1 88 1 FF 1 88 1 EE 46 FF
12 88 36 77 1 7F 1 EE 1 88 1 FF 1 88 1 EE 46 FF
10 88 1 87 35 77 1 7F 3 FF 1 EE 1 88 1 EE 47 FF
10 88 35 77 6 FF 1 EF 48 FF
8 88 1 87 34 77 1 7F 56 FF
8 88 34 77 58 FF
7 88 33 77 1 7F 59 FF