100 33
100 33
100 33
100 33
21 33 1 3F 67 33 1 3F 1 FF 1 3F 8 33
19 33 1 3F 3 FF 1 3F 66 33 1 F3 9 33
20 33 1 F3 1 FF 1 F3 77 33
70 33 1 3F 1 FF 1 3F 27 33
2 33 1 3F 40 33 1 3F 1 FF 1 3F 25 33 1 F3 28 33
1 33 1 F3 1 FF 1 F3 40 33 1 F3 55 33
16 33 9 35 75 33
10 33 3 35 15 55 2 35 27 33 14 32 29 33
7 33 1 35 24 55 2 35 16 33 3 32 23 22 3 32 21 33
3 33 2 35 30 55 2 35 8 33 3 32 34 22 3 32 15 33
1 35 37 55 2 35 1 33 2 32 45 22 2 32 10 33
38 55 1 52 54 22 3 32 4 33
34 55 2 52 64 22
31 55 1 52 68 22
27 55 2 52 71 22
24 55 2 52 74 22
21 55 1 52 78 22
18 55 1 52 81 22
15 55 1 52 84 22
12 55 1 52 87 22
8 55 2 52 90 22
5 55 2 52 93 22
2 55 2 52 96 22
1 52 99 22
800 22