100 00
100 00
19 00 2 0E 2 0E 20 00 2 0B 2 00 2 0A 4 00 2 05 6 00 2 0A 37 00
17 00 2 0E 4 00 2 0E 2 00 2 0C 4 00 2 0C 4 00 2 0B 2 0B 2 0B 6 00 2 05 2 05 2 05 2 05 8 00 2 04 2 04 4 00 2 0D 2 0D 2 0D 19 00
17 00 2 0E 2 0E 2 0E 2 0E 2 00 2 0C 4 00 2 0C 2 00 2 0B 4 00 2 0B 2 00 2 0A 4 00 2 05 6 00 2 0A 2 00 2 04 4 00 2 04 2 00 2 0D 4 00 2 0D 17 00
17 00 2 0E 4 00 2 0E 2 00 2 0C 4 00 2 0C 2 00 2 0B 4 00 2 0B 2 00 2 0A 4 00 2 05 6 00 2 0A 2 00 2 04 4 00 2 04 2 00 2 0D 4 00 2 0D 17 00
17 00 2 0E 4 00 2 0E 4 00 2 0C 2 0C 2 0C 4 00 2 0B 2 0B 2 0B 2 00 2 0A 6 00 2 05 2 05 2 00 2 0A 4 00 2 04 2 04 4 00 2 0D 4 00 2 0D 17 00
17 00 9 0E 10 0C 10 0B 4 0A 10 05 4 0A 10 04 9 0D 17 00
100 0E
100 0E
100 0E
100 0E
100 0E
100 0E
100 0C
100 0E
100 0E
100 0E
100 0E
100 0E
100 0E
100 0E
100 0E
100 0E
100 0E
100 0E
100 0E
100 0E
100 0E
100 0E
100 0E
100 0E
100 0E
100 0E
100 0E
100 0F